1243245858633789440
1242141104331526149
1243243568292118534
1238123985445027840
1242144729632038914
1238128846668529664
1242143851046977537
1238127247489458178
1238128468237455360
1242144162960617474
1251440163441573888
1243246273483939842
1248497847261003777
1242141490748456962
1238125687896182790
1243247536477003776
1243592157610549255
1238128698244677639
1251358184482185216
1243243891555545097
1248497825240846336
1238122294641397761
1245623823329681408
1238122722196181000
1251358370046582787
